1512403475
1512403480
1512403483
1512403486
1512403489
1512403492
1512403495
1512403499
1512403502
1512403505
1512403508
1512403511
1512403514
1512403518
1512403521
1512403524
1512403530
1512403533
1512403536
1512403540
1512403543
1512403546
1512403549
1512403552
1512403555
1512403559
1512403562
1512403565
1512403568
1512403571
1512403574
1512403578
1512403581
1512403584
1512403587
1512403593
1512403596
1512403600
1512403603
1512403606
1512403609
1512403612
1512403615
1512403619
1512403622
1512403625
1512403628
1512403631
1512403634
1512403638
1512403641
1512403644
1512403647
1512403650
1512403656
1512403660
1512403663
1512403666
1512403669
1512403672
1512403675
1512403679
1512403682
1512403685
1512403688
1512403691
1512403694
1512403698
1512403701
1512403704
1512403707
1512403710
1512403713
1512403720
1512403723
1512403726
1512403729
1512403732
1512403735
1512403739
1512403742
1512403745
1512403748
1512403751
1512403754
1512403758
1512403761
1512403764
1512403767
1512403770
1512403773
1512403777
1512403783
1512403786
1512403789
1512403792
1512403796
1512403799
1512403802
1512403805
1512403808
1512403811
1512403814
1512403818
1512403821
1512403824
1512403827
1512403830
1512403833
1512403837
1512403840
1512403846
1512403849
1512403852
1512403856
1512403859
1512403862
1512403865
1512403868
1512403871
1512403874
1512403878
1512403881
1512403884
1512403887
1512403890
